1,1,1,1,6.4564,4.3749,0
1,1,1,2,5.6281,3.0839,3.0839
1,1,1,3,4.0564,0,4.3749
1,1,1,4,3.5059,-3.0839,3.0839
1,1,1,5,5.4639,-4.3749,0
1,1,1,6,5.1478,-3.0839,-3.0839
1,1,1,7,4.699,-0,-4.3749
1,1,1,8,6.3406,3.0839,-3.0839
1,1,2,1,5.7975,8.7139,0
1,1,2,2,3.5081,6.1679,6.1679
1,1,2,3,3.0943,0,8.7139
1,1,2,4,3.3177,-6.1679,6.1679
1,1,2,5,4.5142,-8.7139,0
1,1,2,6,3.9703,-6.1679,-6.1679
1,1,2,7,4.7022,-0,-8.7139
1,1,2,8,5.3533,6.1679,-6.1679
1,1,3,1,4.1489,17.428,0
1,1,3,2,1.9249,12.336,12.336
1,1,3,3,1.5922,0,17.428
1,1,3,4,1.7545,-12.336,12.336
1,1,3,5,2.0055,-17.428,0
1,1,3,6,2.9323,-12.336,-12.336
1,1,3,7,2.1101,-0,-17.428
1,1,3,8,3.3427,12.336,-12.336
2,1,1,1,9.052,4.3749,0
2,1,1,2,7.0159,3.0839,3.0839
2,1,1,3,5.9465,0,4.3749
2,1,1,4,7.1767,-3.0839,3.0839
2,1,1,5,9.4127,-4.3749,0
2,1,1,6,8.7884,-3.0839,-3.0839
2,1,1,7,6.1465,-0,-4.3749
2,1,1,8,7.4278,3.0839,-3.0839
2,1,2,1,6.9845,8.7139,0
2,1,2,2,5.3841,6.1679,6.1679
2,1,2,3,5.3456,0,8.7139
2,1,2,4,5.3873,-6.1679,6.1679
2,1,2,5,7.2003,-8.7139,0
2,1,2,6,6.292,-6.1679,-6.1679
2,1,2,7,5.8119,-0,-8.7139
2,1,2,8,6.3609,6.1679,-6.1679
2,1,3,1,4.2203,17.428,0
2,1,3,2,3.7605,12.336,12.336
2,1,3,3,1.9054,0,17.428
2,1,3,4,3.1762,-12.336,12.336
2,1,3,5,3.4364,-17.428,0
2,1,3,6,4.0763,-12.336,-12.336
2,1,3,7,2.8776,-0,-17.428
2,1,3,8,4.3626,12.336,-12.336
3,1,1,1,9.2615,4.3749,0
3,1,1,2,6.5104,3.0839,3.0839
3,1,1,3,7.3529,0,4.3749
3,1,1,4,8.7604,-3.0839,3.0839
3,1,1,5,9.2113,-4.3749,0
3,1,1,6,10.232,-3.0839,-3.0839
3,1,1,7,7.019,-0,-4.3749
3,1,1,8,8.0879,3.0839,-3.0839
3,1,2,1,6.7867,8.7139,0
3,1,2,2,5.363,6.1679,6.1679
3,1,2,3,5.1158,0,8.7139
3,1,2,4,5.4463,-6.1679,6.1679
3,1,2,5,6.6546,-8.7139,0
3,1,2,6,5.7975,-6.1679,-6.1679
3,1,2,7,4.2519,-0,-8.7139
3,1,2,8,5.2406,6.1679,-6.1679
3,1,3,1,3.6744,17.428,0
3,1,3,2,2.991,12.336,12.336
3,1,3,3,2.8315,0,17.428
3,1,3,4,2.7527,-12.336,12.336
3,1,3,5,3.5756,-17.428,0
3,1,3,6,3.2518,-12.336,-12.336
3,1,3,7,2.8887,-0,-17.428
3,1,3,8,3.2911,12.336,-12.336
4,1,1,1,3.7607,4.3749,0
4,1,1,2,3.7035,3.0839,3.0839
4,1,1,3,3.7035,0,4.3749
4,1,1,4,3.8256,-3.0839,3.0839
4,1,1,5,4.2761,-4.3749,0
4,1,1,6,3.6946,-3.0839,-3.0839
4,1,1,7,3.7035,-0,-4.3749
4,1,1,8,3.6742,3.0839,-3.0839
4,1,2,1,3.5803,8.7139,0
4,1,2,2,3.2852,6.1679,6.1679
4,1,2,3,3.5606,0,8.7139
4,1,2,4,3.215,-6.1679,6.1679
4,1,2,5,3.7166,-8.7139,0
4,1,2,6,3.5595,-6.1679,-6.1679
4,1,2,7,3.5803,-0,-8.7139
4,1,2,8,3.4045,6.1679,-6.1679
4,1,3,1,2.136,17.428,0
4,1,3,2,2.154,12.336,12.336
4,1,3,3,1.8224,0,17.428
4,1,3,4,2.0337,-12.336,12.336
4,1,3,5,2.3796,-17.428,0
4,1,3,6,3.1179,-12.336,-12.336
4,1,3,7,3.2491,-0,-17.428
4,1,3,8,3.1025,12.336,-12.336
5,0,1,1,11.167,4.3749,0
5,0,1,2,8.5256,3.0839,3.0839
5,0,1,3,10.073,0,4.3749
5,0,1,4,9.2553,-3.0839,3.0839
5,0,1,5,9.2113,-4.3749,0
5,0,1,6,9.6242,-3.0839,-3.0839
5,0,1,7,8.8415,-0,-4.3749
5,0,1,8,11.535,3.0839,-3.0839
5,0,2,1,9.7778,8.7139,0
5,0,2,2,6.3975,6.1679,6.1679
5,0,2,3,6.3586,0,8.7139
5,0,2,4,5.8644,-6.1679,6.1679
5,0,2,5,7.2595,-8.7139,0
5,0,2,6,24.892,-6.1679,-6.1679
5,0,2,7,7.4333,-0,-8.7139
5,0,2,8,7.4621,6.1679,-6.1679
5,0,3,1,3.7002,17.428,0
5,0,3,2,3.5091,12.336,12.336
5,0,3,3,3.0287,0,17.428
5,0,3,4,3.3427,-12.336,12.336
5,0,3,5,6.5214,-17.428,0
5,0,3,6,3.9995,-12.336,-12.336
5,0,3,7,2.0083,-0,-17.428
5,0,3,8,4.0109,12.336,-12.336
6,0,1,1,6.2529,4.3749,0
6,0,1,2,5.7724,3.0839,3.0839
6,0,1,3,5.8415,0,4.3749
6,0,1,4,5.8972,-3.0839,3.0839
6,0,1,5,6.0279,-4.3749,0
6,0,1,6,6.7158,-3.0839,-3.0839
6,0,1,7,7.0159,-0,-4.3749
6,0,1,8,6.937,3.0839,-3.0839
6,0,2,1,4.5573,8.7139,0
6,0,2,2,3.7311,6.1679,6.1679
6,0,2,3,3.9703,0,8.7139
6,0,2,4,3.7166,-6.1679,6.1679
6,0,2,5,5.2723,-8.7139,0
6,0,2,6,5.3917,-6.1679,-6.1679
6,0,2,7,3.6889,-0,-8.7139
6,0,2,8,5.2668,6.1679,-6.1679
6,0,3,1,3.4112,17.428,0
6,0,3,2,2.1101,12.336,12.336
6,0,3,3,1.8879,0,17.428
6,0,3,4,2.0099,-12.336,12.336
6,0,3,5,3.1762,-17.428,0
6,0,3,6,3.4364,-12.336,-12.336
6,0,3,7,3.0002,-0,-17.428
6,0,3,8,3.0702,12.336,-12.336
7,1,1,1,5.8863,4.3749,0
7,1,1,2,5.3844,3.0839,3.0839
7,1,1,3,4.8472,0,4.3749
7,1,1,4,5.8503,-3.0839,3.0839
7,1,1,5,4.8848,-4.3749,0
7,1,1,6,5.1774,-3.0839,-3.0839
7,1,1,7,4.9744,-0,-4.3749
7,1,1,8,5.8015,3.0839,-3.0839
7,1,2,1,5.3534,8.7139,0
7,1,2,2,3.7975,6.1679,6.1679
7,1,2,3,3.5585,0,8.7139
7,1,2,4,3.8105,-6.1679,6.1679
7,1,2,5,6.9393,-8.7139,0
7,1,2,6,4.8349,-6.1679,-6.1679
7,1,2,7,5.4153,-0,-8.7139
7,1,2,8,4.9924,6.1679,-6.1679
7,1,3,1,3.2177,17.428,0
7,1,3,2,2.6135,12.336,12.336
7,1,3,3,2.3202,0,17.428
7,1,3,4,2.4661,-12.336,12.336
7,1,3,5,2.4855,-17.428,0
7,1,3,6,3.2905,-12.336,-12.336
7,1,3,7,3.2811,-0,-17.428
7,1,3,8,2.5859,12.336,-12.336
